runfile('D:/Google Drive/2020_WINTER/Rust/simulation.py', wdir='D:/Google Drive/2020_WINTER/Rust')
Reminder1: file group4_new_175.csv should be in the same file directory
Reminder2: the code will take almost 4 hours
->Estimation1 x0 known
[9.  0.5 1. ] -3315.646636364472
[9.00000001 0.5        1.        ] -3315.646636611795
[9.         0.50000001 1.        ] -3315.6466373957737
[9.         0.5        1.00000001] -3315.6466347355313
[1.00000789e-06 1.00006564e-06 1.00000000e+02] -393517.3024682077
[ 8.1000001  0.4500001 10.9      ] -26877.28486183012
[8.91000001 0.49500001 1.99      ] -3606.4981666395397
[8.98764616 0.49931368 1.1358923 ] -3313.125119396677
[8.98764617 0.49931368 1.1358923 ] -3313.125118986149
[8.98764616 0.49931369 1.1358923 ] -3313.1251207518226
[8.98764616 0.49931368 1.13589232] -3313.1251203977213
[1.93459389e+01 1.00013242e-06 3.73472604e+00] -4832.48891062049
[10.02347543  0.44938241  1.39577568] -3316.6792035117946
[9.40955737 0.47897581 1.24174731] -3308.6637049169663
[9.40955738 0.47897581 1.24174731] -3308.6637046647597
[9.40955737 0.47897582 1.24174731] -3308.663706066224
[9.40955737 0.47897581 1.24174732] -3308.6637058078827
[8.78671382e+00 9.99964946e-07 1.10103016e+00] -3289.5322216683535
[8.78671383e+00 9.99964946e-07 1.10103016e+00] -3289.5322215859205
[8.78671382e+00 1.01486611e-06 1.10103016e+00] -3289.5322218276087
[8.78671382e+00 9.99964946e-07 1.10103017e+00] -3289.5322217581083
[9.13890916 0.01137478 1.11471894] -3292.3751907142223
[8.85367532e+00 2.16345098e-03 1.10363275e+00] -3289.3725911327983
[8.85367533e+00 2.16345098e-03 1.10363275e+00] -3289.372591138984
[8.85367532e+00 2.16346588e-03 1.10363275e+00] -3289.3725912396403
[8.85367532e+00 2.16345098e-03 1.10363277e+00] -3289.3725909472573
[9.07423598e+00 1.00000000e-06 1.17459115e+00] -3289.2267552075036
[9.07423599e+00 1.00000000e-06 1.17459115e+00] -3289.226755202044
[9.07423598e+00 1.01490116e-06 1.17459115e+00] -3289.2267552963517
[9.07423598e+00 1.00000000e-06 1.17459117e+00] -3289.2267553310066
[8.98805779e+00 1.00000000e-06 1.14684626e+00] -3289.12397624948
[8.98805780e+00 1.00000000e-06 1.14684626e+00] -3289.1239762493556
[8.98805779e+00 1.01490116e-06 1.14684626e+00] -3289.123976343587
[8.98805779e+00 1.00000000e-06 1.14684627e+00] -3289.1239762530836
[8.98534400e+00 1.00000000e-06 1.14598122e+00] -3289.1238868155306
[8.98534401e+00 1.00000000e-06 1.14598122e+00] -3289.1238868155283
[8.98534400e+00 1.01490116e-06 1.14598122e+00] -3289.1238869098147
[8.98534400e+00 1.00000000e-06 1.14598124e+00] -3289.123886815455
reward process:
      fun: 3289.1238868155306
     jac: array([-1.52587891e-04,  6.32730103e+00, -5.06591797e-03])
 message: 'Optimization terminated successfully'
    nfev: 38
     nit: 8
    njev: 8
  status: 0
 success: True
       x: array([8.98534400e+00, 1.00000000e-06, 1.14598122e+00])
time: 7246.6444301605225