runfile('D:/Google Drive/2020_WINTER/Rust/simulation.py', wdir='D:/Google Drive/2020_WINTER/Rust')
Reminder1: file group4_new_175.csv should be in the same file directory
Reminder2: the code will take almost 4 hours
->Date generation
generate Q
  2%|?         | 10/600 [00:00<00:06, 90.95it/s]generate dataset
100%|¦¦¦¦¦¦¦¦¦¦| 600/600 [00:05<00:00, 102.52it/s]
->Estimation1 x0 known
[0.9 0. ] -134567.18136762167
[0.9      0.009999] -115657.49890845263
[0.9      0.019998] -134567.18136762167
[0.9      0.029997] -134567.18136762167
[0.9      0.039996] -134567.18136762167
[0.9      0.049995] -134567.18136762167
[0.9      0.059994] -134567.18136762167
[0.9      0.069993] -134567.18136762167
[0.9      0.079992] -134567.18136762167
[0.9      0.089991] -58811.808713346145
[0.9     0.09999] -134567.18136762167
[0.909999 0.      ] -134567.18136762167
[0.909999 0.009999] -134567.18136762167
[0.909999 0.019998] -59759.8416443362
[0.909999 0.029997] -134567.18136762167
[0.909999 0.039996] -134567.18136762167
[0.909999 0.049995] -134567.18136762167
[0.909999 0.059994] -49575.75376340394
[0.909999 0.069993] -74615.73581109199
[0.909999 0.079992] -134567.18136762167
[0.909999 0.089991] -134567.18136762167
[0.909999 0.09999 ] -50392.42401203833
[0.919998 0.      ] -94673.70131695301
[0.919998 0.009999] -134567.18136762167
[0.919998 0.019998] -134567.18136762167
[0.919998 0.029997] -58005.43641130333
[0.919998 0.039996] -134567.18136762167
[0.919998 0.049995] -134567.18136762167
[0.919998 0.059994] -88677.28572127094
[0.919998 0.069993] -116450.08153535107
[0.919998 0.079992] -115477.04526468855
[0.919998 0.089991] -134567.18136762167
[0.919998 0.09999 ] -134567.18136762167
[0.929997 0.      ] -134567.18136762167
[0.929997 0.009999] -134567.18136762167
[0.929997 0.019998] -116438.77882375836
[0.929997 0.029997] -49046.88609981566
[0.929997 0.039996] -134567.18136762167
[0.929997 0.049995] -56087.15261204801
[0.929997 0.059994] -101182.90787814777
[0.929997 0.069993] -134567.18136762167
[0.929997 0.079992] -134567.18136762167
[0.929997 0.089991] -50714.97533877207
[0.929997 0.09999 ] -134567.18136762167
[0.939996 0.      ] -134567.18136762167
[0.939996 0.009999] -134567.18136762167
[0.939996 0.019998] -52346.38590565192
[0.939996 0.029997] -134567.18136762167
[0.939996 0.039996] -134567.18136762167
[0.939996 0.049995] -134567.18136762167
[0.939996 0.059994] -49649.88889648493
[0.939996 0.069993] -100402.85553593277
[0.939996 0.079992] -134567.18136762167
[0.939996 0.089991] -62982.60316671001
[0.939996 0.09999 ] -134567.18136762167
[0.949995 0.      ] -134567.18136762167
[0.949995 0.009999] -134567.18136762167
[0.949995 0.019998] -134567.18136762167
[0.949995 0.029997] -134567.18136762167
[0.949995 0.039996] -75896.03908403195
[0.949995 0.049995] -134567.18136762167
[0.949995 0.059994] -100933.38809423866
[0.949995 0.069993] -134567.18136762167
[0.949995 0.079992] -134567.18136762167
[0.949995 0.089991] -72995.42644179035
[0.949995 0.09999 ] -134567.18136762167
[0.959994 0.      ] -134567.18136762167
[0.959994 0.009999] -134567.18136762167
[0.959994 0.019998] -134567.18136762167
[0.959994 0.029997] -134567.18136762167
[0.959994 0.039996] -114549.01298281866
[0.959994 0.049995] -134567.18136762167
[0.959994 0.059994] -134567.18136762167
[0.959994 0.069993] -134567.18136762167
[0.959994 0.079992] -50914.91107977426
[0.959994 0.089991] -106093.72052227634
[0.959994 0.09999 ] -134567.18136762167
[0.969993 0.      ] -134567.18136762167
[0.969993 0.009999] -48926.005826849774
[0.969993 0.019998] -68156.69820081872
[0.969993 0.029997] -50166.51530293989
[0.969993 0.039996] -52977.79155697206
[0.969993 0.049995] -134567.18136762167
[0.969993 0.059994] -134567.18136762167
[0.969993 0.069993] -134567.18136762167
[0.969993 0.079992] -134567.18136762167
[0.969993 0.089991] -134567.18136762167
[0.969993 0.09999 ] -134567.18136762167
[0.979992 0.      ] -134567.18136762167
[0.979992 0.009999] -134567.18136762167
[0.979992 0.019998] -134567.18136762167
[0.979992 0.029997] -134567.18136762167
[0.979992 0.039996] -134567.18136762167
[0.979992 0.049995] -134567.18136762167
[0.979992 0.059994] -121876.98302862048
[0.979992 0.069993] -54897.03861875857
[0.979992 0.079992] -134567.18136762167
[0.979992 0.089991] -134567.18136762167
[0.979992 0.09999 ] -134567.18136762167
[0.989991 0.      ] -88189.26663877156
[0.989991 0.009999] -62355.16544260553
[0.989991 0.019998] -87820.85810914442
[0.989991 0.029997] -134567.18136762167
[0.989991 0.039996] -134567.18136762167
[0.989991 0.049995] -134567.18136762167
[0.989991 0.059994] -50639.1852130165
[0.989991 0.069993] -134567.18136762167
[0.989991 0.079992] -51290.71678823301
[0.989991 0.089991] -134567.18136762167
[0.989991 0.09999 ] -134567.18136762167
[0.99999 0.     ] -134567.18136762167
[0.99999  0.009999] -134567.18136762167
[0.99999  0.019998] -134567.18136762167
[0.99999  0.029997] -134567.18136762167
[0.99999  0.039996] -61570.21293712545
[0.99999  0.049995] -53508.00447633023
[0.99999  0.059994] -134567.18136762167
[0.99999  0.069993] -134567.18136762167
[0.99999  0.079992] -55629.04511178555
[0.99999  0.089991] -104781.3337698452
[0.99999 0.09999] -134567.18136762167
[0.969993 0.009999] -48926.005826849774
[1.01849265 0.009999  ] -62187.238561012906
[0.969993   0.01049895] -134567.18136762167
[1.01849265 0.00949905] -59900.38614780352
[0.969993   0.00949905] -134567.18136762167
[1.00636774 0.00987401] -58898.12483427613
[0.95786809 0.01037396] -134567.18136762167
[1.00333651 0.00971778] -134567.18136762167
[0.98818037 0.00993651] -99307.51470318664
[0.99424282 0.00974902] -134567.18136762167
[0.96393054 0.01018648] -134567.18136762167
[0.98666475 0.00985839] -134567.18136762167
[0.97908668 0.00996775] -49768.57627549833
[0.98211791 0.00987401] -134567.18136762167
[0.96696177 0.01009274] -134567.18136762167
[0.97832888 0.00992869] -49026.30343687512
[0.96923519 0.00995994] -134567.18136762167
[0.97662381 0.0099658 ] -134567.18136762167
[0.97416094 0.00996385] -134567.18136762167
[0.97453984 0.00998338] -134567.18136762167
[0.9696141  0.00997947] -52098.26166994222
[0.96544616 0.01001462] -134567.18136762167
[0.97198224 0.00997654] -134567.18136762167
[0.96980355 0.00998924] -80991.42684903972
[0.97207697 0.00998142] -134567.18136762167
[0.96771958 0.01000681] -134567.18136762167
[0.97098762 0.00998777] -73540.94488949112
[0.97117707 0.00999754] -48936.57660245834
[0.97018245 0.01000876] -134567.18136762167
[0.97078633 0.00999302] -96765.50993038
[0.97058504 0.00999827] -48931.16369615555
[0.97049031 0.00999339] -90559.48324631437
[0.97008773 0.01000388] -134567.18136762167
[0.97038966 0.00999601] -69481.37792762068
[0.97018837 0.01000126] -134567.18136762167
[0.97033934 0.00999732] -134567.18136762167
[0.97028902 0.00999863] -134567.18136762167
[0.97019133 0.0099975 ] -134567.18136762167
[0.97009069 0.01000013] -134567.18136762167
[0.97016617 0.00999816] -134567.18136762167
[0.97014101 0.00999882] -134567.18136762167
[0.97009217 0.00999825] -134567.18136762167
[0.97004184 0.00999956] -48926.42289617729
[0.96989383 0.00999975] -134567.18136762167
[0.97007922 0.00999905] -115360.50326577437
[0.96995563 0.00999951] -55373.45723895074
[0.96998652 0.0099994 ] -134567.18136762167
[0.97001742 0.00999928] -67218.91796037725
[0.97003611 0.00999902] -134567.18136762167
[0.96997431 0.00999926] -134567.18136762167
[0.97002066 0.00999908] -134567.18136762167
[0.97000521 0.00999914] -134567.18136762167
[0.97001455 0.00999901] -134567.18136762167
[0.96998366 0.00999913] -48925.926602197644
[0.96996821 0.00999919] -98762.11514243712
[0.96997145 0.00999899] -134567.18136762167
[0.96999677 0.0099991 ] -52256.30150117291
[0.96997989 0.00999903] -134567.18136762167
[0.96999255 0.00999908] -134567.18136762167
[0.96998833 0.00999906] -134567.18136762167
[0.96999021 0.00999912] -134567.18136762167
[0.96998177 0.00999908] -48925.91050879519
[0.96997755 0.00999906] -48925.8746275133
[0.96997288 0.00999912] -134567.18136762167
[0.96998447 0.00999908] -116239.85988291277
[0.96997674 0.00999911] -134567.18136762167
[0.96998254 0.00999909] -113612.32629266645
[0.96997867 0.0099991 ] -134567.18136762167
[0.96998157 0.00999909] -49974.62733389014
[0.96997964 0.0099991 ] -49346.2734265485
[0.96998012 0.0099991 ] -134567.18136762167
[0.9699806  0.00999909] -130984.30168339887
[0.96997956 0.00999907] -134567.18136762167
[0.9699786  0.00999908] -105431.77124857376
[0.96997554 0.00999904] -50695.41329094936
[0.9699745  0.00999902] -134567.18136762167
[0.96997757 0.00999906] -134567.18136762167
[0.96997655 0.00999905] -53569.86592148293
[0.96997807 0.00999907] -134567.18136762167
[0.96997603 0.00999904] -134567.18136762167
[0.96997756 0.00999906] -134567.18136762167
[0.96997705 0.00999905] -134567.18136762167
[0.96997781 0.00999906] -134567.18136762167
[0.96997679 0.00999905] -134567.18136762167
[0.96997756 0.00999906] -134567.18136762167
[0.9699773  0.00999906] -73085.13713512495
[0.96997768 0.00999906] -134567.18136762167
[0.96997717 0.00999905] -134567.18136762167
[0.96997755 0.00999906] -50124.77210708396
[0.96997781 0.00999906] -134567.18136762167
[0.96997743 0.00999906] -134567.18136762167
[0.96997755 0.00999906] -134567.18136762167
[0.96997743 0.00999906] -111785.09678630783
[0.96997742 0.00999906] -117986.8874061264
[0.96997746 0.00999906] -70727.7279142447
[0.96997758 0.00999906] -134567.18136762167
[0.96997747 0.00999906] -120304.41272045636
[0.9699775  0.00999906] -106512.84014635127
[0.96997749 0.00999906] -53400.39280898424
[0.96997754 0.00999906] -48925.874496543984
[0.96997755 0.00999906] -134567.18136762167
[0.9699776  0.00999906] -134567.18136762167
[0.96997752 0.00999906] -48925.87432812506
[0.9699775  0.00999906] -134567.18136762167
[0.96997754 0.00999906] -134567.18136762167
[0.96997753 0.00999906] -50618.87360641759
[0.96997753 0.00999906] -134567.18136762167
[0.96997751 0.00999906] -49470.682194571724
[0.9699775  0.00999906] -134567.18136762167
[0.96997752 0.00999906] -134567.18136762167
[0.96997751 0.00999906] -134567.18136762167
[0.96997752 0.00999906] -48925.87437002365
[0.96997753 0.00999906] -134567.18136762167
[0.96997752 0.00999906] -134567.18136762167
[0.96997752 0.00999906] -55694.16759837435
[0.96997751 0.00999906] -134567.18136762167
[0.96997752 0.00999906] -134567.18136762167
[0.96997752 0.00999906] -134567.18136762167
[0.96997752 0.00999906] -53059.699476281654
[0.96997752 0.00999906] -134567.18136762167
[0.96997752 0.00999906] -134567.18136762167
[0.96997752 0.00999906] -48925.87432618834
[0.96997751 0.00999906] -122952.94879898844
[0.96997752 0.00999906] -134567.18136762167
[0.96997752 0.00999906] -48925.8743269495
[0.96997752 0.00999906] -49429.233949172165
[0.96997752 0.00999906] -134567.18136762167
[0.96997752 0.00999906] -134567.18136762167
[0.96997752 0.00999906] -84555.48768374228
[0.96997752 0.00999906] -134567.18136762167
[0.96997752 0.00999906] -134567.18136762167
[0.96997752 0.00999906] -48925.87432779841
[0.96997752 0.00999906] -48925.87432746393
theta 2:
 [0.96997752 0.00999906]
dynamic process:
 [0.04111027 0.33420347 0.58952803 0.18133263 0.75460205 0.06272467]
[9.  2.5 1. ] -2372.8608275750144
[9.00000001 2.5        1.        ] -2372.8608274370104
[9.         2.50000001 1.        ] -2372.860830508849
[9.         2.5        1.00000001] -2372.86082496485
[1.82612915e+01 1.00429511e-06 1.00000000e+02] -163841.69374461632
[ 9.92612915  2.2500001  10.9       ] -15622.58381746592
[9.09261292 2.47500001 1.99      ] -2678.0665298995714
[9.01713011 2.49537589 1.18311497] -2360.7490102870074
[9.01713013 2.49537589 1.18311497] -2360.749009723626
[9.01713011 2.4953759  1.18311497] -2360.74901283583
[9.01713011 2.49537589 1.18311498] -2360.7490099990528
[5.21728689e+01 1.00022319e-06 8.70161267e+00] -5156.361311531964
[18.52878343  1.94538783  2.84021425] -3371.2432953381076
[10.56101068  2.40610477  1.45208644] -2341.559528310491
[10.56101069  2.40610477  1.45208644] -2341.5595283246585
[10.56101068  2.40610479  1.45208644] -2341.5595302639076
[10.56101068  2.40610477  1.45208645] -2341.5595280477582
[8.21863345e+00 1.00016601e-06 6.43126169e-01] -2346.2143407051003
[9.40752006 1.22123237 1.05371846] -2211.9946020776747
[9.40752007 1.22123237 1.05371846] -2211.9946026360244
[9.40752006 1.22123239 1.05371846] -2211.9946027453543
[9.40752006 1.22123237 1.05371847] -2211.994599269791
[8.69914993 0.60237694 1.09049736] -2192.6360470604077
[8.69914994 0.60237694 1.09049736] -2192.6360471369935
[8.69914993 0.60237695 1.09049736] -2192.6360463062597
[8.69914993 0.60237694 1.09049738] -2192.636046702323
[9.08588049 0.97509648 1.21988277] -2183.5519663041728
[9.0858805  0.97509648 1.21988277] -2183.551966250016
[9.08588049 0.9750965  1.21988277] -2183.551966423129
[9.08588049 0.97509648 1.21988278] -2183.5519662052006
[9.29342447 0.9791766  1.26999493] -2183.0855419748686
[9.29342449 0.9791766  1.26999493] -2183.0855419088066
[9.29342447 0.97917662 1.26999493] -2183.08554203648
[9.29342447 0.9791766  1.26999495] -2183.085542059553
[9.78886484 0.99555611 1.35740442] -2193.940418410886
[9.34296851 0.98081455 1.27873588] -2182.9775178979576
[9.34296853 0.98081455 1.27873588] -2182.977517834846
[9.34296851 0.98081457 1.27873588] -2182.977517960466
[9.34296851 0.98081455 1.2787359 ] -2182.977518012432
[9.6748287  0.94771347 1.31480057] -2184.236799167307
[9.42619821 0.97251288 1.28778081] -2182.7604442334236
[9.42619822 0.97251288 1.28778081] -2182.760444208786
[9.42619821 0.9725129  1.28778081] -2182.760444263939
[9.42619821 0.97251288 1.28778083] -2182.7604442808156
[9.47443894 0.96274608 1.29215174] -2182.719376559912
[9.47443896 0.96274608 1.29215174] -2182.719376564605
[9.47443894 0.9627461  1.29215174] -2182.7193765568895
[9.47443894 0.96274608 1.29215175] -2182.7193765440984
[9.46923618 0.96379049 1.29213882] -2182.718434317879
[9.4692362  0.96379049 1.29213882] -2182.7184343181284
[9.46923618 0.96379051 1.29213882] -2182.718434318389
[9.46923618 0.96379049 1.29213884] -2182.7184343144518
[9.47006014 0.96380595 1.29248818] -2182.718380080286
[9.47006015 0.96380595 1.29248818] -2182.718380080313
[9.47006014 0.96380596 1.29248818] -2182.7183800804
[9.47006014 0.96380595 1.2924882 ] -2182.71838007841
[9.47263398 0.96412103 1.29334338] -2182.7183250008015
[9.47263399 0.96412103 1.29334338] -2182.7183250006888
[9.47263398 0.96412104 1.29334338] -2182.718325000484
[9.47263398 0.96412103 1.2933434 ] -2182.7183250010903
[9.47317725 0.96428964 1.29347837] -2182.7183216992958
[9.47317726 0.96428964 1.29347837] -2182.71832169925
[9.47317725 0.96428965 1.29347837] -2182.7183216991607
[9.47317725 0.96428964 1.29347838] -2182.718321699486
reward process:
      fun: 2182.7183216992958
     jac: array([-0.00308228, -0.00906372,  0.01275635])
 message: 'Optimization terminated successfully'
    nfev: 64
     nit: 14
    njev: 14
  status: 0
 success: True
       x: array([9.47317725, 0.96428964, 1.29347837])
time: 16150.990921020508

[array([0.96997752, 0.00999906]),
 48925.87432746393,
 array([0.04111027, 0.33420347, 0.58952803, 0.18133263, 0.75460205,
        0.06272467]),
 2182.7183216992958,
 array([9.47317725, 0.96428964, 1.29347837]),
 True]

     fun: 48925.87432746393
     jac: array([-0.00341797, -0.06738281,  0.03759766,  0.08007812,  0.08398438,
        0.0859375 ])
 message: 'Optimization terminated successfully'
    nfev: 180
     nit: 23
    njev: 23
  status: 0
 success: True
       x: array([0.04111027, 0.33420347, 0.58952803, 0.18133263, 0.75460205,
       0.06272467])