Rust 1987


theta2
0.11883027(0.00285306)  0.56991304(0.00469182) 0.28539269(0.00331489)


Rc                         r
10.3456577(8.80342495e-01) 0.00120421049(1.74128200e-04)




Rust Hidden


theta3

0.03926831(0.00161096) 0.3333335(0.01581449)  0.59028477(0.01476852) 

0.18077672(0.00329023) 0.7576425(0.00371597) 0.06063796(0.00120683)

theta2

0.94930191(0.01209678) 0.00354669(0.00156256)


Rc                         r1                      r2
10.1674833(0.78639747 ) 1.08744149(0.22929572)  1.21554453(0.18461946)