
(pid=25534) step 10 weights [[4.930869277819984, 0.09996128111658358]] [[3.740603566474305, 0.0999820397045507]] [[3.5115226337104355, 0.09998631148313979]]
(pid=25534) step 20 weights [[14.544927541014152, 0.09969069848621459]] [[8.168452507114301, 0.09992041727450492]] [[7.89456616406475, 0.0999305011788829]]
(pid=25534) step 30 weights [[36.149731186046786, 0.09843744673464687]] [[35.98012779391646, 0.09873127334588931]] [[29.65984016441434, 0.09922384502598908]]
(pid=25534) step 40 weights [[57.9176306455188, 0.0958129398928383]] [[56.238001320686365, 0.09659457892041834]] [[51.22780432032463, 0.09742225610473082]]
(pid=25534) step 50 weights [[78.58500088261478, 0.09079605273813948]] [[75.14084446575596, 0.09294713550726416]] [[73.67190183361632, 0.09362633674151008]]
(pid=25534) step 60 weights [[94.49185189254239, 0.08336778135975019]] [[97.5484103327349, 0.08227617152027475]] [[91.17805833549549, 0.08750413790392891]]
(pid=25534) step 70 weights [[99.63927150496013, 0.07558996548721028]] [[99.78273857903605, 0.07694708114264451]] [[98.93039769265019, 0.07990140869683117]]
(pid=25534) step 80 weights [[99.90699122316542, 0.07586361927949924]] [[99.8975631402626, 0.07610745414834633]] [[99.8976207250057, 0.07595995574249716]]
(pid=25534) step 90 weights [[99.90963557114868, 0.07587131325177976]] [[99.90522467635472, 0.07611344039119548]] [[99.90322810998003, 0.07598916911218788]]
(pid=25534) step 100 weights [[99.91526739394058, 0.0758336443672684]] [[99.908553320029, 0.07611604488838832]] [[99.90948263394299, 0.07599396045757621]]
