Reminder1: file group4_new_175.csv should be in the same file directory
Reminder2: the code will take almost 4 hours
->Date generation
generate Q
 24%|██▍       | 9/37 [00:00<00:00, 85.13it/s]generate dataset
100%|██████████| 37/37 [00:00<00:00, 85.09it/s]
->Estimation
[0. 0.] -4106.16346161709
[0.       0.499995] -4119.679443363291
[0.      0.99999] -4120.0040375388235
[0.499995 0.      ] -4053.5963772015857
[0.499995 0.499995] -4107.333718338703
[0.499995 0.99999 ] -4120.246184581682
[0.99999 0.     ] -6001.716304204647
[0.99999  0.499995] -4120.527734843653
[0.99999 0.99999] -4120.5382302823955
[0.499995 0.      ] -4053.5963772015857
[0.52499475 0.        ] -4046.5627745994343
[4.99995e-01 2.50000e-04] -4049.3854638876833
[5.2499475e-01 2.5000000e-04] -4040.417466055176
[5.37494625e-01 3.75000000e-04] -4032.155628586569
[5.62494375e-01 1.25000000e-04] -4028.81614274449
[5.93744063e-01 6.25000000e-05] -4017.516388221309
[6.06243938e-01 4.37500000e-04] -3985.7866531084337
[0.64686853 0.00065625] -3933.941850137142
[7.03117969e-01 3.43750000e-04] -3877.752716845774
[7.85929641e-01 3.28125000e-04] -3772.526031104975
[0.83905411 0.00092188] -3689.2548610408753
[0.96170913 0.00135156] -3593.1855846836866
[1.10077024e+00 1.02343750e-03] -9730.494344389732
[7.60343959e-01 7.48046875e-04] -3786.955164798675
[9.87294814e-01 9.31640625e-04] -3627.7629789535763
[1.16307431 0.00195508] -9730.494344416562
[8.80215807e-01 7.34863281e-04] -3651.687437008506
[1.06878814 0.00154834] -5845.527987195252
[0.92735889 0.00093823] -3609.6015012879666
[0.90177321 0.00135815] -3620.51147049376
[0.92315361 0.00125153] -3606.719113077157
[0.95750385 0.00166486] -3589.202545006813
[0.97257633 0.00202817] -3591.2480907067547
[0.99605938 0.00176489] -3670.979314157446
[0.94138005 0.00137987] -3595.6475862137995
[0.97783293 0.00163655] -3599.9545738440743
[0.95049327 0.00144404] -3592.2752501472983
[0.94628799 0.00175733] -3589.7122249477134
[0.95329857 0.00197815] -3586.363032064822
[0.95470122 0.0022452 ] -3584.096599882574
[0.96591708 0.00215273] -3586.489149026697
[0.96311445 0.00273308] -3581.7411382628475
[0.96591975 0.00326719] -3579.9552991549813
[0.95470389 0.00335966] -3577.452258322406
[0.9490973  0.00396313] -3575.292932436115
[0.96031583 0.00498512] -3572.2700449049967
[0.96312313 0.00635507] -3570.2208422946032
[0.94630068 0.00705102] -3567.6935361683973
[0.93649114 0.00894293] -3567.239772132337
[0.95051697 0.01133487] -3563.582822832078
[0.95122681 0.01502074] -3563.4186225025237
[0.92459481 0.0176086 ] -3567.4942126747583
[0.93422689 0.01479522] -3564.744651317438
[0.94896256 0.02087303] -3565.6591609978886
[0.94584471 0.0178905 ] -3563.90243618924
[0.96284462 0.01811603] -3568.42560203483
[0.94138132 0.01562542] -3563.529290877837
[0.94676343 0.01275566] -3563.2195673044857
[0.94722279 0.01018823] -3564.193371670085
[0.95660891 0.01215098] -3564.1677320605563
[0.94518822 0.01475681] -3563.1821962856197
[0.94072484 0.01249173] -3563.8786035503954
[0.94860132 0.01438849] -3563.147271940152
[0.94702611 0.01638964] -3563.445799779374
[0.9468291  0.01366415] -3563.121431000308
[0.95024219 0.01329583] -3563.2034326084126
[0.94645171 0.01439156] -3563.1280975947
[0.94467949 0.01366723] -3563.210870782793
[0.94762086 0.01420817] -3563.116345197661
[0.94799824 0.01348076] -3563.1230337835673
[0.94761161 0.01370846] -3563.113098392512
[0.94840337 0.01425248] -3563.132411939259
[0.94722267 0.01381123] -3563.1120465879903
[0.94721342 0.01331152] -3563.1377263321597
[0.947519   0.01398401] -3563.11059797235
[0.94713005 0.01408678] -3563.1122456439994
[0.94725044 0.0139922 ] -3563.110763737042
[0.94754678 0.01416498] -3563.1143207370137
[0.94730369 0.01389967] -3563.1105818301376
[0.94757225 0.01389148] -3563.1104646656886
[0.94773315 0.01384112] -3563.1113383172647
[0.94735694 0.01380714] -3563.1114102269516
[0.94747849 0.01393979] -3563.1102666039988
[0.94774704 0.0139316 ] -3563.111331394132
[0.94741453 0.01390765] -3563.1108107400655
[0.94752537 0.01391563] -3563.110331499935
[0.94739109 0.01391973] -3563.110294303476
theta 2:
 [0.94747849 0.01393979]
dynamic process:
 [0.03510568 0.34759028 0.58470812 0.18682691 0.75541981 0.05675328]
[9.  0.5 1. ] -131.4503855190989
[9.00000001 0.5        1.        ] -131.45038550663378
[9.         0.50000001 1.        ] -131.4503855716423
[9.         0.5        1.00000001] -131.45038559998662
[9.83651924e+00 1.00000002e-06 1.00000003e-06] -226.47115982438743
[9.08365192 0.4500001  0.9000001 ] -131.11770291886273
[9.08365194 0.4500001  0.9000001 ] -131.11770293358626
[9.08365192 0.45000011 0.9000001 ] -131.1177029424191
[9.08365192 0.4500001  0.90000011] -131.11770289778408
[8.38205049e+00 9.99999999e-07 8.73035452e-01] -130.6229610024522
[8.38205050e+00 9.99999999e-07 8.73035452e-01] -130.62296100397077
[8.38205049e+00 1.01490116e-06 8.73035452e-01] -130.62296098535754
[8.38205049e+00 9.99999999e-07 8.73035467e-01] -130.6229610172865
[7.33598651 0.21685511 0.56047332] -131.0202610677954
[8.05434926 0.06793505 0.77511888] -130.5094600370605
[8.05434928 0.06793505 0.77511888] -130.50946003291773
[8.05434926 0.06793506 0.77511888] -130.50946003076257
[8.05434926 0.06793505 0.7751189 ] -130.50946004875354
[8.21321313 0.17073511 0.77363137] -130.48014759114798
[8.21321315 0.17073511 0.77363137] -130.48014759294102
[8.21321313 0.17073513 0.77363137] -130.4801475925604
[8.21321313 0.17073511 0.77363138] -130.48014758596005
[8.1708675  0.1475586  0.77408798] -130.4763688880071
[8.17086752 0.1475586  0.77408798] -130.4763688879743
[8.1708675  0.14755862 0.77408798] -130.47636888813165
[8.1708675  0.1475586  0.77408799] -130.47636888832673
[8.16765976 0.14671111 0.77307181] -130.47636154788492
[8.16765977 0.14671111 0.77307181] -130.4763615479157
[8.16765976 0.14671113 0.77307181] -130.47636154782396
[8.16765976 0.14671111 0.77307182] -130.47636154773326
[8.16806319 0.14695054 0.77325911] -130.47636054021828
[8.1680632  0.14695054 0.77325911] -130.4763605402171
[8.16806319 0.14695056 0.77325911] -130.47636054021976
[8.16806319 0.14695054 0.77325913] -130.47636054022163
reward process:
      fun: 130.47636054021828
     jac: array([-8.01086426e-05,  9.91821289e-05,  2.25067139e-04])
 message: 'Optimization terminated successfully'
    nfev: 34
     nit: 8
    njev: 8
  status: 0
 success: True
       x: array([8.16806319, 0.14695054, 0.77325911])
time: 3378.818817615509



































runfile('D:/Google Drive/2020_WINTER/Rust/simulation.py', wdir='D:/Google Drive/2020_WINTER/Rust')
Reminder1: file group4_new_175.csv should be in the same file directory
Reminder2: the code will take almost 4 hours
->Date generation
generate Q
 10%|█         | 10/100 [00:00<00:00, 92.15it/s]generate dataset
100%|██████████| 100/100 [00:01<00:00, 89.88it/s]
true loglike1: 9912.518979002101
true loglike2 654.9649502516054
->Estimation1 x0 known
[0. 0.] -11437.09438959147
[0.       0.499995] -11491.065974032499
[0.      0.99999] -11488.627218917989
[0.499995 0.      ] -11267.594849705372
[0.499995 0.499995] -11459.188385191328
[0.499995 0.99999 ] -11493.121488302197
[0.99999 0.     ] -11005.315604232343
[0.99999  0.499995] -11413.804905950412
[0.99999 0.99999] -11487.586021478426
[0.99999 0.     ] -11005.315604232343
[1.0499895 0.       ] -22025.177321012427
[9.9999e-01 2.5000e-04] -11768.692798589384
[9.499905e-01 2.500000e-04] -10007.264583267652
[8.99991e-01 3.75000e-04] -10071.16227495592
[0.9499905 0.       ] -10273.808025746552
[8.99991e-01 2.50000e-04] -10086.410616060806
[8.99991e-01 5.00000e-04] -10060.064654317623
[9.499905e-01 5.000000e-04] -9983.40236300263
[9.7499025e-01 6.2500000e-04] -9994.363155902713
[9.9999e-01 2.5000e-04] -10909.900951864633
[9.2499075e-01 4.3750000e-04] -10016.426066664595
[9.7499025e-01 3.1250000e-04] -10016.682601198523
[9.37490625e-01 4.06250000e-04] -10001.461818496538
[9.37490625e-01 6.56250000e-04] -9984.147723293627
[9.499905e-01 7.500000e-04] -9969.15164264535
[9.56240437e-01 9.21875000e-04] -11505.620162028654
[9.62490375e-01 5.93750000e-04] -9977.470298798502
[9.62490375e-01 8.43750000e-04] -9965.578136947155
[0.96874031 0.00101563] -9965.881680967783
[0.9499905 0.001    ] -9958.99906355686
[0.94374056 0.00120313] -9956.175256899429
[0.95624044 0.00129688] -9948.838543917265
[0.95936541 0.00157031] -11472.156646960355
[0.93749063 0.00165625] -15859.949093798057
[0.95624044 0.00104688] -9956.181497470541
[0.94374056 0.00145313] -9949.42016693206
[0.95624044 0.00154688] -9942.863176154877
[0.96249038 0.00171875] -9941.925552769508
[0.97499025 0.0015625 ] -9965.349052916616
[0.95155298 0.00148047] -9944.754143535321
[0.95780292 0.00190234] -11473.040565591764
[0.95663106 0.00144824] -9945.130885880795
[0.9574123  0.00175098] -9938.923807541963
[0.95780292 0.00190234] -9936.301108226382
[0.96874031 0.00214063] -9942.311972290841
[0.96444348 0.00197559] -9939.192086162078
[0.95975603 0.00215918] -9932.978563053064
[0.95838885 0.00237939] -9929.343440573568
[0.95174829 0.00230615] -9929.771420936597
[0.95233423 0.0027832 ] -9923.674212019248
[0.94959988 0.00322363] -9919.618489172894
[0.95624044 0.00329688] -11455.967165701819
[0.95287133 0.00255383] -9926.340477856922
[0.94408236 0.00339807] -9920.311367500995
[0.9408109  0.00406787] -9916.890335742437
[0.93478069 0.00482489] -9916.789859882314
[0.94029821 0.00465045] -15297.794961172964
[0.94313632 0.00371117] -9918.146151373177
[0.92831713 0.00531242] -9920.734926663603
[0.94427919 0.00374583] -9917.207182299067
[0.93592356 0.00485955] -9915.543281865495
[0.93231718 0.00543375] -9915.769585600594
[0.92642506 0.00593861] -9919.741364439837
[0.93981566 0.00429403] -9915.995162979278
[0.94095853 0.00432869] -9914.947281019236
[0.94404745 0.00408059] -9914.789336207143
[0.94015536 0.00464612] -9913.464384607221
[0.9403252  0.00482216] -9912.301579545303
[0.94844909 0.0040432 ] -9913.253193916942
[0.94472684 0.00478478] -9909.992752347833
[0.94506654 0.00513687] -9907.992112319775
[0.93694265 0.00591583] -9909.371170833816
[0.94168398 0.00623053] -9904.978702879116
[0.94236338 0.00693472] -9902.368372303681
[0.95048726 0.00615575] -9902.642627796724
[0.9477841  0.00795361] -9898.457682632865
[0.94914288 0.00936197] -9896.680022742801
[0.94101899 0.01014094] -9897.606307700378
[0.9477985  0.01256819] -9896.329055913207
[0.95051606 0.01538493] -9899.677641412816
[0.95592239 0.01178923] -9898.897600553573
[0.94474484 0.01055301] -9896.301081014453
[0.94340046 0.01375923] -9897.11433344367
[0.94770728 0.01046129] -9896.065988933946
[0.94465362 0.00844611] -9898.262344599074
[0.94701228 0.01153767] -9895.970888836713
[0.94997472 0.01144595] -9896.239551828876
[0.94866725 0.01122272] -9896.022536596694
[0.94797225 0.0122991 ] -9896.221240203551
[0.94777352 0.01092074] -9895.97558994608
[0.94611855 0.0112357 ] -9895.989473840988
[0.94675573 0.01123245] -9895.959684482637
[0.94599449 0.01184938] -9896.040909342373
[0.94732876 0.0111529 ] -9895.954915392495
[0.94707221 0.01084768] -9895.985295568
[0.94702726 0.01136517] -9895.957256580157
[0.9476003  0.01128562] -9895.960434761964
[0.94696687 0.01124575] -9895.955216920433
[0.94726837 0.01103347] -9895.960787741127
[0.94708754 0.01128225] -9895.954365538271
[0.94744943 0.01118941] -9895.95556000439
[0.94708751 0.01123166] -9895.954028498163
[0.94684629 0.01136101] -9895.959003496357
[0.94720814 0.01120493] -9895.95376601075
[0.94720811 0.01115434] -9895.954714841408
[0.94711768 0.01125027] -9895.95388486973
[0.94723832 0.01122354] -9895.953715717807
[0.94731372 0.01121948] -9895.9540673267
[0.94732878 0.0111782 ] -9895.9544288877
[0.94717046 0.01123225] -9895.9536864367
theta 2:
 [0.94717046 0.01123225]
dynamic process:
 [0.04143614 0.32032098 0.59959241 0.20574142 0.73549758 0.05773548]
[9.  0.5 1. ] -656.1481909952607
[9.00000001 0.5        1.        ] -656.1481910748369
[9.         0.50000001 1.        ] -656.1481909947033
[9.         0.5        1.00000001] -656.1481904525543
[ 3.65973663  0.53740692 37.42041016] -17404.62065952624
[8.46597366 0.50374069 4.64204102] -1589.3427603814935
[8.94659737 0.50037407 1.3642041 ] -659.9607876538369
[8.97916205 0.50014596 1.14211407] -653.7868849543312
[8.97916207 0.50014596 1.14211407] -653.7868849228051
[8.97916205 0.50014598 1.14211407] -653.7868850391505
[8.97916205 0.50014596 1.14211408] -653.7868849864835
[1.06107079e+01 1.00000000e-06 1.52262657e+00] -660.3582140041894
[9.35002601 0.38645885 1.22860773] -653.2419090175558
[9.35002602 0.38645885 1.22860773] -653.2419090158676
[9.35002601 0.38645887 1.22860773] -653.2419090044075
[9.35002601 0.38645885 1.22860774] -653.2419090316096
[10.02025852  0.59498486  1.31997891] -653.9396312193405
[9.41704926 0.40731145 1.23774484] -653.2320856755285
[9.41704927 0.40731145 1.23774484] -653.2320856758497
[9.41704926 0.40731147 1.23774484] -653.2320856711085
[9.41704926 0.40731145 1.23774486] -653.2320856880534
[9.36088823 0.41254533 1.2224588 ] -653.2267220531676
[9.36088824 0.41254533 1.2224588 ] -653.2267220531047
[9.36088823 0.41254534 1.2224588 ] -653.2267220534766
[9.36088823 0.41254533 1.22245881] -653.2267220530595
[9.36220846 0.41216444 1.22281441] -653.2266122218962
[9.36220847 0.41216444 1.22281441] -653.2266122218697
[9.36220846 0.41216445 1.22281441] -653.2266122219266
[9.36220846 0.41216444 1.22281443] -653.2266122220074
reward process:
      fun: 653.2266122218962
     jac: array([-0.00177765,  0.00204468,  0.00746155])
 message: 'Optimization terminated successfully'
    nfev: 29
     nit: 6
    njev: 6
  status: 0
 success: True
       x: array([9.36220846, 0.41216444, 1.22281441])
time: 4605.053620815277

->Estimation2 x0 unkonwn
[0. 0.] -11432.368232599943
[0.       0.499995] -11490.585580258732
[0.      0.99999] -11489.413255020158
[0.499995 0.      ] -11259.91023107582
[0.499995 0.499995] -11452.35111364937
[0.499995 0.99999 ] -11492.98417103341
[0.99999 0.     ] -11313.208214403692
[0.99999  0.499995] -11411.261225233282
[0.99999 0.99999] -11489.867984670866
[0.499995 0.      ] -11259.91023107582
[0.52499475 0.        ] -11239.29054292157
[4.99995e-01 2.50000e-04] -11243.019596606111
[5.2499475e-01 2.5000000e-04] -11212.408723685834
[5.37494625e-01 3.75000000e-04] -11183.437699737578
[5.62494375e-01 1.25000000e-04] -11170.591170068554
[5.93744063e-01 6.25000000e-05] -11126.170090099464
[6.06243938e-01 4.37500000e-04] -11027.74019052227
[0.64686853 0.00065625] -10868.612403025962
[7.03117969e-01 3.43750000e-04] -10697.596889387016
[7.85929641e-01 3.28125000e-04] -10403.70706085015
[0.83905411 0.00092188] -14118.309877684442
[6.55071574e-01 2.77343750e-04] -10887.151333456479
[7.77726598e-01 7.07031250e-04] -18319.44980156126
[6.85735330e-01 3.84765625e-04] -10756.599692432263
[8.24796439e-01 5.66406250e-05] -10345.666311778243
[ 9.13760394e-01 -2.43164062e-04] -11664.550158890766
[9.2499075e-01 3.7947076e-19] -10305.696614973676
[ 1.04461846e+00 -1.92382812e-04] -21594.569835584953
[ 9.63857549e-01 -2.71484375e-04] -11183.65028887555
[8.30411618e-01 1.78222656e-04] -10284.211269629923
[9.30605928e-01 1.21582031e-04] -10044.407226677315
[9.83510673e-01 1.54052734e-04] -10060.267751477999
[8.36026796e-01 2.99804688e-04] -10245.419988752983
[9.36221106e-01 2.43164063e-04] -10012.418769673803
[9.89125851e-01 2.75634766e-04] -10084.21411750386
[1.03080024e+00 6.49414063e-05] -26062.30149587915
[8.84720157e-01 2.41088867e-04] -10116.775731805528
[9.82106878e-01 1.23657227e-04] -10059.782897587218
[9.57760198e-01 1.53015137e-04] -10011.818602910156
[9.63375376e-01 2.74597168e-04] -9993.865518581242
[9.79760100e-01 3.51104736e-04] -10017.270838052742
[9.84914467e-01 1.84448242e-04] -10063.00455745453
[9.48394447e-01 2.28485107e-04] -10002.172598747726
[9.54009625e-01 3.50067139e-04] -9984.627359868875
[9.52134338e-01 4.48593140e-04] -9976.583693207653
[9.67115268e-01 4.94705200e-04] -9977.09755329196
[9.55874230e-01 6.68701172e-04] -9961.529692382373
[9.52123657e-01 8.65753174e-04] -9953.083946691802
[9.37142728e-01 8.19641113e-04] -9966.738718211553
[0.93713205 0.0012368 ] -9951.262799474518
[0.9296309  0.00163091] -9950.086348038703
[0.94461183 0.00167702] -9933.167820225259
[0.94834638 0.00210571] -9922.927222585575
[0.92585363 0.00287086] -9933.996883421381
[0.94456911 0.00334566] -9909.413816515405
[0.95203821 0.00420303] -9900.086573845958
[0.97453097 0.00343788] -9929.745420550224
[0.96236163 0.00329613] -9910.319828923166
[0.96605346 0.00539345] -9902.634185107743
[0.95573004 0.00630036] -9891.195280556374
[0.95241424 0.00780248] -9887.028165491882
[0.93839899 0.00661206] -9894.430154413758
[0.93877502 0.01021151] -9887.205450982865
[0.95279027 0.01140193] -9885.056821328108
[0.95998591 0.01379686] -9892.170619927305
[0.96642949 0.0089929 ] -9897.617359847616
[0.94568864 0.00990685] -9884.83796123091
[0.94606467 0.0135063 ] -9885.09969443216
[0.94765206 0.01208035] -9884.349415533463
[0.94055043 0.01058527] -9886.072254192592
[0.94973031 0.01119776] -9884.310208023191
[0.95169373 0.01337125] -9885.871939171851
[0.94718991 0.01077295] -11038.047210268087
[0.94869118 0.01163905] -9884.277089637584
[0.94770947 0.01055231] -9884.29605815375
[0.94667035 0.0109936 ] -9884.27343068278
[0.94514037 0.01089152] -9884.499892507167
[0.94765206 0.01208035] -9884.349415809866
[0.94769512 0.01093432] -9884.222176682226
[0.94567428 0.01028886] -9884.620498749593
[0.94793696 0.01130151] -9884.207325497515
[0.94896173 0.01124222] -9884.24145342692
[0.94838889 0.01118007] -9884.21105029106
[0.94863072 0.01154726] -9884.256020453184
[0.94792902 0.01108755] -9884.206745795826
[0.9474771  0.01120899] -9884.211230000183
[0.94816094 0.0111873 ] -9884.206273589984
[0.948153   0.01097335] -9884.213459448227
[0.94799097 0.01121947] -9884.205081677504
[0.94822289 0.01131921] -9884.212330607786
[0.94800249 0.01114547] -9884.20507066839
[0.94783252 0.01117763] -9884.205150552378
[0.94791462 0.01118005] -9884.204755289928
[0.94792614 0.01110605] -9884.206079014992
[0.94797476 0.01119111] -9884.204763844344
[0.9478869 0.0112257] -9884.205027737687
[0.9479158  0.01120564] -9884.204790033897
theta 2:
 [0.94791462 0.01118005]
dynamic process:
 [0.04108818 0.31987333 0.60024161 0.20567428 0.73509101 0.05823104]
[9.  0.5 1. ] -655.9102889870807
[9.00000001 0.5        1.        ] -655.9102890679444
[9.         0.50000001 1.        ] -655.9102889955002
[9.         0.5        1.00000001] -655.9102884306251
[3.57332611e+00 1.00000000e-06 3.83431015e+01] -17973.537493505275
[8.45733261 0.4500001  4.73431015] -1616.488912676769
[8.94573326 0.49500001 1.37343102] -659.8819907160691
[8.97878324 0.49804515 1.14600096] -653.4277911182392
[8.97878326 0.49804515 1.14600096] -653.4277910851038
[8.97878324 0.49804516 1.14600096] -653.4277912111176
[8.97878324 0.49804515 1.14600098] -653.4277911528991
[1.06855026e+01 1.00000006e-06 1.53660230e+00] -661.130184275947
[9.35213516 0.38909593 1.23144662] -652.7980903998821
[9.35213518 0.38909593 1.23144662] -652.7980903968356
[9.35213516 0.38909594 1.23144662] -652.798090396537
[9.35213516 0.38909593 1.23144664] -652.798090415092
[9.73091396 0.50271184 1.28240769] -653.0596847380104
[9.39001304 0.40045752 1.23654273] -652.794826596743
[9.39001306 0.40045752 1.23654273] -652.794826594919
[9.39001304 0.40045753 1.23654273] -652.7948265980631
[9.39001304 0.40045752 1.23654274] -652.7948266107328
[9.36935219 0.40013219 1.22869781] -652.7933242528162
[9.36935221 0.40013219 1.22869781] -652.7933242527772
[9.36935219 0.40013221 1.22869781] -652.7933242531735
[9.36935219 0.40013219 1.22869783] -652.7933242533131
[9.36697092 0.39946424 1.22819263] -652.7935178428108
[9.36911406 0.4000654  1.22864729] -652.7933216889618
[9.36911408 0.4000654  1.22864729] -652.793321688925
[9.36911406 0.40006541 1.22864729] -652.7933216892868
[9.36911406 0.4000654  1.22864731] -652.7933216894164
[9.36696815 0.39942717 1.22817591] -652.7935181220453
[9.36889947 0.40000157 1.22860016] -652.7934234045358
[9.36909261 0.40005901 1.22864258] -652.7934252820894
[9.36911192 0.40006476 1.22864682] -652.7933216657469
reward process:
      fun: 652.7933216657469
     jac: array([-0.00247192,  0.02181244,  0.03050995])
 message: 'Optimization terminated successfully'
    nfev: 34
     nit: 6
    njev: 6
  status: 0
 success: True
       x: array([9.36911192, 0.40006476, 1.22864682])